https://www.youtube.com/watch?v=TSGFJXBQHNs,0
https://www.youtube.com/watch?v=P8xilUdFS08,1
https://www.youtube.com/watch?v=NsNbKL_0B98,1
https://www.youtube.com/watch?v=ReZDPS8Wdj0,1
https://www.youtube.com/watch?v=7tupPWteS5w,1
https://www.youtube.com/watch?v=4S6hnGSvGPE,0
https://www.youtube.com/watch?v=HGpFFUer3S0,1
https://www.youtube.com/watch?v=d2f2J_hcBwE,0
https://www.youtube.com/watch?v=PXdTgy1nU_M,0
https://www.youtube.com/watch?v=KwXpMKiwGD8,1
https://www.youtube.com/watch?v=pSaeawvCGhM,0
https://www.youtube.com/watch?v=Em9909eHYKw,0
https://www.youtube.com/watch?v=D9PtZ0qCurU,0
https://www.youtube.com/watch?v=AQ49Fl9XMfw,1
https://www.youtube.com/watch?v=JzFB8yjZcZw,1
https://www.youtube.com/watch?v=kaMLgLpEYN4,1
https://www.youtube.com/watch?v=O-hxxqmvbUc,1
https://www.youtube.com/watch?v=arPyzyDep6s,1
https://www.youtube.com/watch?v=pTD0Bj7J_bQ,0
https://www.youtube.com/watch?v=9gH7eRG-Ufo,0
https://www.youtube.com/watch?v=rVGDiLnMx9c,1
https://www.youtube.com/watch?v=vqXty-GV-a8,0
https://www.youtube.com/watch?v=THy25FgIW8o,1
https://www.youtube.com/watch?v=R3lLu7Wh2AI,1
https://www.youtube.com/watch?v=vDPk1qaxSS4,1
https://www.youtube.com/watch?v=4SKYxXbREc8,0
https://www.youtube.com/watch?v=JGzC729BhVA,1
https://www.youtube.com/watch?v=Yx9llZFkKXc,1
https://www.youtube.com/watch?v=VUbTLWwE6Xg,0
https://www.youtube.com/watch?v=7Bnm--PPxeM,0
https://www.youtube.com/watch?v=m9pX3KGgplI,1
https://www.youtube.com/watch?v=Q3a3w3GtbJQ,0
https://www.youtube.com/watch?v=uezdE6O9vY8,1
https://www.youtube.com/watch?v=ijlVoqn2UHI,1
https://www.youtube.com/watch?v=byBd5sXryy8,1
https://www.youtube.com/watch?v=KhXCLrY46MY,1
https://www.youtube.com/watch?v=AC6oYE88wLE,1
https://www.youtube.com/watch?v=XKQJhe9n_ug,1
https://www.youtube.com/watch?v=oyanZWMo_-o,1
https://www.youtube.com/watch?v=8X5i72gdefA,1
https://www.youtube.com/watch?v=eyUjzVjEAM8,1
https://www.youtube.com/watch?v=wfs7BgNowNA,1
https://www.youtube.com/watch?v=kIeKwhDcE5g,1
https://www.youtube.com/watch?v=oNJUBfPSjeg,1
https://www.youtube.com/watch?v=0k1JVYW5mbU,1
https://www.youtube.com/watch?v=hn2nmsG5_l4,1
https://www.youtube.com/watch?v=r-Pob6gCPZ8,0
https://www.youtube.com/watch?v=KJemQuzQCWQ,1
https://www.youtube.com/watch?v=EbKaHPrcbAM,0
https://www.youtube.com/watch?v=BnSS0LhTX3c,1
https://www.youtube.com/watch?v=e6Kzs254MmU,1
https://www.youtube.com/watch?v=ripeQrS4EVI,1
https://www.youtube.com/watch?v=4EBaKgtOW9k,1
https://www.youtube.com/watch?v=uNkKokcx7Kk,0
https://www.youtube.com/watch?v=5MBSKXttelc,1
https://www.youtube.com/watch?v=gYucSC8hhNU,1
https://www.youtube.com/watch?v=IXy5JyFsgB0,0
https://www.youtube.com/watch?v=-OdclnwFuac,1
https://www.youtube.com/watch?v=aCmxa-RsoCM,1
https://www.youtube.com/watch?v=vJz_-peDyE4,1
https://www.youtube.com/watch?v=MXIovhY5xHU,0
https://www.youtube.com/watch?v=wu09em2MjME,0
https://www.youtube.com/watch?v=S1WQpt10vDQ,1
https://www.youtube.com/watch?v=cfFpGrdt8IA,0
https://www.youtube.com/watch?v=mlYBLokOzIY,1
https://www.youtube.com/watch?v=w2sxLvDJVaU,1
https://www.youtube.com/watch?v=QFWwD8uH5-Y,1
https://www.youtube.com/watch?v=AIwMdPKnWqY,1
https://www.youtube.com/watch?v=XZ4qVV51WRo,1
https://www.youtube.com/watch?v=ke5rDEffzNY,1
https://www.youtube.com/watch?v=61c0ewrXPdA,1
https://www.youtube.com/watch?v=q-i6X1q5aZI,1
https://www.youtube.com/watch?v=7zc-5FN4jxs,1
https://www.youtube.com/watch?v=8-Ic7f4CjNU,0
https://www.youtube.com/watch?v=MfovWwO5mlA,0
https://www.youtube.com/watch?v=INhDkqHKiPQ,1
https://www.youtube.com/watch?v=ylZeSBjtdmY,
https://www.youtube.com/watch?v=ZjkdPq0Cw-c,0
https://www.youtube.com/watch?v=b6GO6xBaf9o,1
https://www.youtube.com/watch?v=kYcbS6-LwF4,1
https://www.youtube.com/watch?v=TJJ-MDVlxkY,0
https://www.youtube.com/watch?v=DdvhKdLKN2E,1
https://www.youtube.com/watch?v=3ZsWD4N0yds,1
https://www.youtube.com/watch?v=7rvuez57Mno,0
https://www.youtube.com/watch?v=5MJAs3pT01s,1
https://www.youtube.com/watch?v=iqTCHfJ5Dvs,1
https://www.youtube.com/watch?v=VoQ06BDvhus,1
https://www.youtube.com/watch?v=vGi__-kx3nk,0
https://www.youtube.com/watch?v=ZtKvMlituJg,1
https://www.youtube.com/watch?v=c392JGmMNmI,0
https://www.youtube.com/watch?v=Pf-V08sXLgE,1
https://www.youtube.com/watch?v=NAOO7L_BvAs,0
https://www.youtube.com/watch?v=7SZGhxukwr0,1
https://www.youtube.com/watch?v=hubT3r4F_Zc,0
https://www.youtube.com/watch?v=_QsaSZDrDKQ,1
https://www.youtube.com/watch?v=TnQSncRJLCc,1
https://www.youtube.com/watch?v=ijJ2dDHIPwQ,1
https://www.youtube.com/watch?v=Tg5K7olJfZc,0
https://www.youtube.com/watch?v=926Wm1JJCCM,1
https://www.youtube.com/watch?v=KeCSw70IGTY,0
https://www.youtube.com/watch?v=2cPq48AqIgw,0
https://www.youtube.com/watch?v=HV55pnd0x14,1
https://www.youtube.com/watch?v=s0fKeJbB0lk,1
https://www.youtube.com/watch?v=WC0HWzaiu9Q,0
https://www.youtube.com/watch?v=bpdTqQhX4_8,1
https://www.youtube.com/watch?v=GEyoqkJDhEc,1
https://www.youtube.com/watch?v=y4MOkiz4shg,0
https://www.youtube.com/watch?v=9TYDzveDoC0,1
https://www.youtube.com/watch?v=FfDp-xZxrVc,1
https://www.youtube.com/watch?v=SJ13It0ZdnU,1
https://www.youtube.com/watch?v=DPp6oyGGAdc,1
https://www.youtube.com/watch?v=YOJ5T2nLLD0,1
https://www.youtube.com/watch?v=zS6Iq1Lx4Ko,1
https://www.youtube.com/watch?v=Bvf4D5sP4W8,1
https://www.youtube.com/watch?v=iX95bpqBh7Q,0
https://www.youtube.com/watch?v=E0Po5L6ODJg,1
https://www.youtube.com/watch?v=rhBvfj4XMxE,1
https://www.youtube.com/watch?v=wD4rC1aIXMU,1
https://www.youtube.com/watch?v=UqEUox4Q6fs,1
https://www.youtube.com/watch?v=a57Eu6q9K5E,0
https://www.youtube.com/watch?v=Zxmw9n6yNFs,1
https://www.youtube.com/watch?v=tQvILNVKZcI,0
https://www.youtube.com/watch?v=7WYDHP5Q4Zo,1
https://www.youtube.com/watch?v=-88ISV3GaIg,1
https://www.youtube.com/watch?v=SP0_-s85JuQ,0
https://www.youtube.com/watch?v=gU_SQoXa0a4,0
https://www.youtube.com/watch?v=twzGo85lmOk,1
https://www.youtube.com/watch?v=Mu6GpA5_vpY,0
https://www.youtube.com/watch?v=U8EkLn4wYAU,0
https://www.youtube.com/watch?v=IUVoy5gzutg,1
https://www.youtube.com/watch?v=o3yNf77_BKQ,1
https://www.youtube.com/watch?v=WEbjOB9O26s,0
https://www.youtube.com/watch?v=nU5RRPSS044,1
https://www.youtube.com/watch?v=qodSERnF2vw,0
https://www.youtube.com/watch?v=-hOMd5ZkQsw,1
https://www.youtube.com/watch?v=FdNb3fCcGRs,1
https://www.youtube.com/watch?v=6KuWB2xQsMc,1
https://www.youtube.com/watch?v=FBftTMJGIU0,1
https://www.youtube.com/watch?v=j1wsf2qs40k,0
https://www.youtube.com/watch?v=t91MjHzT4gU,1
https://www.youtube.com/watch?v=lYSuLSLlkXs,1
https://www.youtube.com/watch?v=AYXdr7G4EHY,1
https://www.youtube.com/watch?v=Kgavos7pBd4,1
https://www.youtube.com/watch?v=4r6nXm174UE,0
https://www.youtube.com/watch?v=r2Da2m1A32Q,1
https://www.youtube.com/watch?v=4QrSF0sb-yM,1
https://www.youtube.com/watch?v=XnKZq4RqPlk,0
https://www.youtube.com/watch?v=nDzWjwo93CQ,1
https://www.youtube.com/watch?v=5OFt2T8aH9I,1
https://www.youtube.com/watch?v=dBTbV-S-8DY,1
https://www.youtube.com/watch?v=sHgN1RM3H7c,1
https://www.youtube.com/watch?v=3H9660N7jc4,1
https://www.youtube.com/watch?v=eemkTcS0zsM,1
https://www.youtube.com/watch?v=kM1I1xOwPx8,0
https://www.youtube.com/watch?v=7U0bG1exavw,1
https://www.youtube.com/watch?v=evU4LQNlhVA,0
https://www.youtube.com/watch?v=IuUlOHCwEn0,0
https://www.youtube.com/watch?v=_gUWe7MwswU,1
https://www.youtube.com/watch?v=gdZmZOaHuOQ,1
https://www.youtube.com/watch?v=q-LcsqFzkT8,0
https://www.youtube.com/watch?v=pL5uttjPWZE,1
https://www.youtube.com/watch?v=4Ks2tXdRwQM,0
https://www.youtube.com/watch?v=Og0FCglYGmA,1
https://www.youtube.com/watch?v=qcgz3-XyNkI,1
https://www.youtube.com/watch?v=UK2eTs8mvsQ,1
https://www.youtube.com/watch?v=ZNgyeAaFM4U,1
https://www.youtube.com/watch?v=5pgk3LFFGCQ,1
https://www.youtube.com/watch?v=cyex_tMCd7E,0
https://www.youtube.com/watch?v=rXiIGMH8qko,0
https://www.youtube.com/watch?v=nENQ-TLBYvI,1
https://www.youtube.com/watch?v=u8vUyVVCYnQ,1
https://www.youtube.com/watch?v=zmA5odgVToM,
https://www.youtube.com/watch?v=1Qt3X6TCMcU,1
https://www.youtube.com/watch?v=_-WxKl_AVTE,1
https://www.youtube.com/watch?v=no17-7MzbjY,1
https://www.youtube.com/watch?v=fc2xztNkPyU,
https://www.youtube.com/watch?v=T7bN3f70B44,1
https://www.youtube.com/watch?v=13ggcvTHETw,1
https://www.youtube.com/watch?v=inThod9IAII,1
https://www.youtube.com/watch?v=wgOY0hKa9ig,1
https://www.youtube.com/watch?v=OOO4N7AHBDg,0
https://www.youtube.com/watch?v=bdcPbmr9il8,1
https://www.youtube.com/watch?v=9t5xF5_5qcc,0
https://www.youtube.com/watch?v=GXsV7yfvR7c,1
https://www.youtube.com/watch?v=gy2qcxEwtk8,1
https://www.youtube.com/watch?v=wlYfGeQHURM,0
https://www.youtube.com/watch?v=FttkdlR_qAU,0
https://www.youtube.com/watch?v=IinqvCkSz54,0
https://www.youtube.com/watch?v=h_UDVCGmdMw,0
https://www.youtube.com/watch?v=moEV09VG_4c,1
https://www.youtube.com/watch?v=tWoucO2nIlE,1
https://www.youtube.com/watch?v=strf2b54WuA,1
https://www.youtube.com/watch?v=UoJWCy-Pue8,1
https://www.youtube.com/watch?v=fdJT6vQGp3I,1
https://www.youtube.com/watch?v=bJ9nLMCQYNw,0
https://www.youtube.com/watch?v=7QUizHRzIqU,1
https://www.youtube.com/watch?v=tmoQAAWPZhQ,1
https://www.youtube.com/watch?v=7Xcxw3fn4X8,0
https://www.youtube.com/watch?v=Kexd6X14pDE,0
https://www.youtube.com/watch?v=9d5ZXpqT30c,1
